30 5
king 0.90 0.82 0.10 0.02 0.00
queen 0.88 0.85 0.08 0.04 0.01
prince 0.86 0.78 0.12 0.01 0.02
princess 0.84 0.80 0.10 0.03 0.03
man 0.70 0.30 0.20 0.05 0.00
woman 0.68 0.32 0.18 0.07 0.01
boy 0.60 0.25 0.22 0.03 0.01
girl 0.58 0.27 0.20 0.05 0.02
cat 0.10 0.05 0.80 0.10 0.00
dog 0.12 0.06 0.78 0.08 0.01
kitten 0.08 0.04 0.82 0.12 0.00
puppy 0.11 0.05 0.79 0.11 0.01
car 0.05 0.80 0.05 0.10 0.02
truck 0.06 0.78 0.06 0.12 0.02
bike 0.04 0.70 0.04 0.18 0.03
scooter 0.03 0.68 0.05 0.20 0.03
train 0.07 0.76 0.05 0.14 0.03
apple 0.02 0.10 0.05 0.80 0.10
orange 0.03 0.08 0.06 0.78 0.12
banana 0.02 0.09 0.05 0.79 0.11
grape 0.02 0.11 0.04 0.77 0.12
coffee 0.20 0.05 0.10 0.20 0.80
tea 0.18 0.06 0.08 0.22 0.78
cup 0.15 0.07 0.10 0.25 0.72
mug 0.16 0.06 0.09 0.24 0.73
sun 0.40 0.05 0.05 0.70 0.15
moon 0.38 0.06 0.04 0.68 0.17
music 0.25 0.12 0.12 0.40 0.60
art 0.22 0.10 0.12 0.42 0.58
book 0.30 0.15 0.10 0.35 0.50
